 +61 0401002235
 +61 0401824818
 +61 0408636946
 +61 0413465251
 +61 0416615652
 +61 0419352744
 +61 0421248536
 +61 0429202983
 +61 0429370400
 +61 0437955020
 +61 0449600506v
 +61 0455454015
 +61 0457266814
 +61 0459541770
 +61 0472982507
 +61 0477645354
 +61 0478658263
 +61 0484224533
 +61 406600193
 +61 409831052
 +61 412347833
 +61 451928835
 +61 485505093
 +61-0400576744
 0401569733
 0402 464 077
 0402242538
 0403650614
 0405120607
 0407583453
 0408 063 124
 0408572770
 0408726334
 0409866798
 0409872368
 0410431193
 0412385673
 0412929128
 0414989018
 0415565496
 0417127801
 0418722533
 0421420922
 0421948125
 0423711703
 0427000831
 0428568565
 0430 419 719
 0430760487
 0431235636
 0431365690
 0431904604
 0431941755
 0434 543 386
 0434639439
 0435830024
 0437308355
 0438 273 828
 0438621649
 0439169165
 0439995834
 0448342370
 0456763388
 0457400222
 0468369252
 0478040807
 0488780644
 0497 327 072
 455 168 801
 494 144 225
 电话: 0421152131
+0424050804
+33678412847
+43427517577
+61 0400811935
+61 0401647081
+61 0402405783
+61 0403561809
+61 0403622289
+61 0404488111
+61 0413925989
+61 0418111012
+61 0421257138
+61 0435265927
+61 0437793323
+61 0438 393 963
+61 0438251800
+61 0448418831
+61 0451928835
+61 0452424506
+61 0457266814
+61 0458960822
+61 0477645354
+61 0478119441
+61 0478194950
+61 0487381918
+61 0488990641
+61 0497765200
+61 401 392 245
+61 401 956 423
+61 401 959 301
+61 404 646 430
+61 405 453 002
+61 405 453 703
+61 407 591 788
+61 407153151
+61 409298076
+61 411 925 429
+61 412691890
+61 416 467 916
+61 419 771 418
+61 420911891
+61 421 114 661
+61 421 951 614
+61 421552009
+61 422 056 045
+61 429 006 406
+61 430 302 878
+61 431 008 248
+61 431039014
+61 434 633 228
+61 435 715 496
+61 435 851 427
+61 437576157
+61 439632330
+61 447 057 962
+61 447 483 910
+61 450950588
+61 451 494 326
+61 451928835
+61 452 646 223
+61 455 479 144
+61 455 582 827
+61 455 864 908
+61 455 865 738
+61 456 888 804
+61 457 059 325
+61 458 438 338
+61 459683143
+61 487381918
+61 491 139 054
+61 497220295
+61-(04) 7511-1595
+61-(04)1269-1562
+61-+499941427
+61-+61409761523
+61-+61410504472
+61-+61410829118
+61-+61410986840
+61-+61417439880
+61-+61420702029
+61-+61420763842
+61-+61421633270
+61-+61447873091
+61-+61450003258
+61-+61458567963
+61-+61458660559
+61-+61467902720
+61-+61468453467
+61-0148651454
+61-0400048346
+61-0400065673
+61-0400124077
+61-0400237278
+61-0400354638
+61-0400627350
+61-0400629612
+61-0400727482
+61-0401189880
+61-0401413885
+61-0401623860
+61-0401628554
+61-0401851218
+61-0402073656
+61-0402162649
+61-0402205932
+61-0402464077
+61-0402494362
+61-0402669411
+61-0402968898
+61-0403290859
+61-0403291289
+61-0403363274
+61-0403452030
+61-0403465865
+61-0403666045
+61-0403699984
+61-0403720535
+61-0404302173
+61-0404467613
+61-0404901014
+61-0405138458
+61-0405278259
+61-0405388511
+61-0406313675
+61-0406996339
+61-0407106631
+61-0407219566
+61-0407222057
+61-0407234907
+61-0407316853
+61-0407491526
+61-0407734034
+61-0407928157
+61-0407937830
+61-0407944467
+61-0407977726
+61-0408171511
+61-0408307299
+61-0408407325
+61-0408419509
+61-0408446701
+61-0408505206
+61-0408518794
+61-0408708575
+61-0408721593
+61-0408828200
+61-0408839704
+61-0408862020
+61-0409056993
+61-0409080057
+61-0409116591
+61-0409180251
+61-0409220688
+61-0409224825
+61-0409290643
+61-0409858373
+61-0409946166
+61-0409959535
+61-0409962946
+61-0410423066
+61-0410425598
+61-0410613382
+61-0410669757
+61-0410816939
+61-0410863023
+61-0411255570
+61-0411378084
+61-0411510617
+61-0411594220
+61-0411640343
+61-0411662914
+61-0411720664
+61-0412013460
+61-0412395281
+61-0412537380
+61-0412919727
+61-0412938915
+61-0412971478
+61-0413042920
+61-0413047831
+61-0413219622
+61-0413324575
+61-0413388780
+61-0413393626
+61-0413697876
+61-0413956224
+61-0414238693
+61-0414310259
+61-0414441627
+61-0414708154
+61-0414759259
+61-0414854027
+61-0414897852
+61-0414904169
+61-0415083906
+61-0415480017
+61-0415537402
+61-0415600509
+61-0415674752
+61-0415747446
+61-0415966113
+61-0416007421
+61-0416062775
+61-0416066169
+61-0416429501
+61-0416759066
+61-0416980872
+61-0417711986
+61-0417740030
+61-0417742106
+61-0417952659
+61-0417981186
+61-0418104047
+61-0418429931
+61-0418696972
+61-0418947260
+61-0418953011
+61-0419534222
+61-0419712116
+61-0419771418
+61-0419869623
+61-0420461721
+61-0420710293
+61-0420736227
+61-0420938012
+61-0420949372
+61-0420989949
+61-0420997236
+61-0421208449
+61-0421230122
+61-0421321627
+61-0421344566
+61-0421480609
+61-0421530167
+61-0421818907
+61-042181907
+61-0421842503
+61-0421843201
+61-0421934434
+61-0422227712
+61-0422268427
+61-0422296123
+61-0422411384
+61-0422690059
+61-0422736791
+61-0422780388
+61-0422933824
+61-0423681369
+61-0423688013
+61-0423742488
+61-0423803499
+61-0423957082
+61-0424001204
+61-0425345476
+61-0426240177
+61-0427267482
+61-0427278269
+61-0427356138
+61-0427441080
+61-0427495044
+61-0427749997
+61-0427780872
+61-0428353985
+61-0428880728
+61-0429486427
+61-0429656912
+61-0431095960
+61-0431171495
+61-0431259226
+61-0431318881
+61-0431369736
+61-0431437500
+61-0431623553
+61-0432184941
+61-0432256870
+61-0432336224
+61-0432546636
+61-0432877265
+61-0432972648
+61-0434236887
+61-0434413641
+61-0434703071
+61-0434760213
+61-0435303603
+61-0435383184
+61-0435720913
+61-0435770185
+61-0435831892
+61-0435908957
+61-0435935576
+61-0436337844
+61-0436399610
+61-0437295780
+61-0437565206
+61-0437764565
+61-0437773090
+61-0438216186
+61-0438295979
+61-0438764315
+61-0438817172
+61-0438827700
+61-0438921467
+61-0438977387
+61-0438979430
+61-0439372999
+61-0439483222
+61-0439535914
+61-0439609525
+61-0439615580
+61-0439841299
+61-0447186960
+61-044722587
+61-0447322135
+61-0447739994
+61-0447757743
+61-0447777812
+61-0447818943
+61-0447836728
+61-0447873091
+61-0448196995
+61-0448274882
+61-0448422777
+61-0448748018
+61-0448861108
+61-0448937446
+61-0449 804 283
+61-0449276693
+61-0449556512
+61-0449721234
+61-0449758209
+61-0450474776
+61-0450535996
+61-0450879827
+61-0451626700
+61-0451785764
+61-0452127926
+61-0452248324
+61-0452499899
+61-0452502725
+61-0452526196
+61-0455680620
+61-0456058547
+61-0457120348
+61-0457369172
+61-0457690407
+61-0457851135
+61-0458218960
+61-0458514345
+61-0458775913
+61-0458882142
+61-0459258759
+61-0459479379
+61-0459615403
+61-0460016957
+61-0460847835
+61-0466050636
+61-0466186009
+61-0466278669
+61-0466365863
+61-0466560708
+61-0466781909
+61-0467019090
+61-0467627137
+61-0467718395
+61-0467895773
+61-0467902720
+61-0468490297
+61-0468590864
+61-0468725978
+61-0468831835
+61-0472609921
+61-0472695890
+61-0473055901
+61-0473543054
+61-0473920316
+61-0474519165
+61-0475348863
+61-0475384781
+61-0475736378
+61-0475867863
+61-0476501721
+61-0477448156
+61-0477701747
+61-0478004426
+61-0478243301
+61-0480322254
+61-0480464772
+61-0481162266
+61-0481261337
+61-0481333416
+61-0481480230
+61-0482841682
+61-0482992022
+61-0484382805
+61-0486035705
+61-0487047817
+61-0488283257
+61-0488497024
+61-0488644756
+61-0488675068
+61-0491123647
+61-0491271881
+61-0491603995
+61-0491967091
+61-0492287325
+61-0493537018
+61-0497701511
+61-0497780153
+61-0498061616
+61-0498373245
+61-0498470248
+61-0498496661
+61-0498674509
+61-0498729488
+61-0498941020
+61-0499031132
+61-0499275207
+61-0499658799
+61-0499765795
+61-23331403
+61-395638324
+61-400236899
+61-401359166
+61-401473224
+61-401529485
+61-401945556
+61-403046917
+61-403788448
+61-403908844
+61-404958697
+61-406383638
+61-406885283
+61-406939540
+61-407771601
+61-408236913
+61-409831052
+61-410214688
+61-410227223
+61-410785503
+61-411335278
+61-412385951
+61-412642089
+61-412680919
+61-413162055
+61-413955072
+61-414345713
+61-416131597
+61-416330274
+61-416380004
+61-416889629
+61-417117303
+61-417400946
+61-417883799
+61-417909232
+61-418310984
+61-419975494
+61-420325905
+61-420780792
+61-421040584
+61-421826836
+61-422093656
+61-422215341
+61-422537075
+61-423351399
+61-423945077
+61-424408888
+61-424658327
+61-425700676
+61-425888190
+61-426603394
+61-426824354
+61-427033774
+61-427270719
+61-427712071
+61-431679903
+61-432581066
+61-433133711
+61-433303172
+61-433386298
+61-433641984
+61-435039372
+61-435847623
+61-437132265
+61-437412832
+61-437843467
+61-438113302
+61-438202874
+61-447361358
+61-447955999
+61-448059306
+61-448288286
+61-448745773
+61-449904243
+61-450543023
+61-451073332
+61-451830516
+61-455666682
+61-456178223
+61-457375421
+61-457690407
+61-459617909
+61-466344837
+61-466781632
+61-468765333
+61-473 224 802
+61-473159924
+61-473414299
+61-473593118
+61-477717785
+61-478059724
+61-481257090
+61-483293747
+61-488142015
+61-488182288
+61-490251824
+61-491832829
+61-497953494
+61-610427749997
+61-61428230862
+61-61459681176
+61-61481777068
+610400765096
+610400862194
+610401647081
+610403561809
+610407162250
+610409149677
+610409831052
+610410176550
+610413203191
+610413925989
+610422483411
+610423217591
+610423258076
+610423739810
+610427555609
+610429111188
+610429370400
+610429544756
+610431221483
+610431277266
+610434358867
+610435265927
+610435870171
+610437793323
+610438251800
+610439214099
+610449600506
+610451928835
+610457266814
+610457351157
+610459541770
+610477645354
+610481343691
+610484224533
+610488404168
+610494389170
+61255046961
+61401158323
+61401292677
+61401795584
+61401797742
+61401815225
+61401828670
+61401854364
+61401954654
+61401999667
+61402290168
+61402934310
+61403598091
+61403646207
+61404701975
+61405453703
+61406665909
+61407153151
+61408730145
+61408811453
+61409911804
+61411304902
+61411409200
+61412130763
+61412283105
+61412691890
+61412855201
+61413738111
+61413900858
+61414267125
+61415453606
+61415490825
+61416078407
+61416448230
+61416877256
+61417411312
+61417683801
+61417836609
+61417872438
+61417893660
+61418881827
+61419973441
+61420980557
+61421033790
+61421248536
+61421552009
+61421966729
+61422418469
+61423120277
+61423351080
+61423411502
+61427294363
+61427415075
+61428 194 932
+61428536737
+61429611087
+61431391945
+61431555025
+61432034925
+61432497680
+61432893258
+61434065116
+61434341009
+61434979225
+61436314052
+61437279720
+61438040535
+61438133202
+61439045976
+61448168582
+61450208628
+61450765340
+61451628478
+61451644787
+61451963595
+61452166986
+61455105235
+61455371591
+61457224103
+61458438338
+61466782167
+61466887158
+61467902227
+61473672214
+61475899975
+61477069141
+61477762130
+61477795344
+61477850666
+61478074920
+61478536982
+61478631932
+61481328787
+61481702249
+61481798615
+61481817285
+61490055054
+61491762148
+61494164922
+61494640213
+61497220295
+61498710393
+61499086863
+61499100100
-0455791823
-422217653
-468437859
0 418 925 922
0135823466
0243175555
0268475475
0279142325
0339483222
0387070539
04 75111595
04 9894 1020
040 990 7080
0400 056 406
0400 186 642
0400 206 255
0400005147
0400005281
0400013119
0400015332
0400022335
0400031903
0400035838
0400040901
0400048346
0400049933
0400052338
0400056013
0400056406
0400065673
0400066902
0400068181
0400070334
0400083050
0400101131
0400107720
0400116354
0400117557
0400117601
0400124077
0400125984
0400149395
0400150489
0400150489 
0400160350
0400171006
0400173074
0400178278
0400186642
0400190429
0400206255
0400208724
0400223208
0400236899
0400237278
0400237443
0400240241
0400244600
0400246614
0400256717
0400259218
0400263656
0400263750
0400268070
0400269564
0400274787
0400277068
0400310795
0400320387
0400323344
0400325112
0400325755
0400331787
0400343631
0400345123
0400354783
0400377006
0400382546
0400388145
0400396308
0400396408
0400397995
0400404997
0400412028
0400412502
0400416163
0400416417
0400425051
0400438135
0400442360
0400457251
0400459597
0400465258
0400465352
0400468900
0400474755
0400480812
0400484053
0400491937
0400495139
0400495265
0400498269
0400522113
0400526545
0400533873
0400549936
0400552252
0400557059
0400557907
0400565057
0400576744
0400599039
0400599684
0400599941
0400600623
0400604438
0400611532
0400616570
0400618632
0400619997
0400622548
0400627350
0400629612
0400647864
0400655255
0400658830
0400659769
0400660555
0400667390
0400674553
0400677044
0400699278
0400705698
0400711010
0400715254
0400715715
0400727482
0400730614
0400737133
0400738224
0400739664
0400742272
0400752297
0400759889
0400764721
0400765989
0400770976
0400772123
0400775904
0400780623
0400784695
0400788445
0400789407
0400793751
0400797553
0400823298
0400838885
0400842364
0400847914
0400853969
0400882730
0400888176
0400895069
0400900633
0400912452
0400922984
0400923402
0400931446
0400932657
0400941619
0400947286
0400964624
0400965788
0400971961
0400973072
0400993361
0400997517
0401 241 178
0401 641 335
0401 722 643
0401 728 541
0401 910 063
0401025787
0401064817
0401079394
0401088979
0401101684
0401109719
0401137417
0401153287
0401159189
0401163502
0401165761
0401167406
0401173345
0401189880
0401200429
0401201605
0401207613
0401216633
0401216916
0401217159
0401222139
0401223308
0401238029
0401241178
0401260047
0401264959
0401270193
0401301792
0401311902
0401313066
0401318041
0401318101
0401329685
0401332960
0401340606
0401359166
0401362536
0401373310
0401374588
0401386820
0401399432
0401401828
0401406232
0401413885
0401423304
0401438395
0401451325
0401465787
0401473224
0401477401
0401477748
0401482244
0401492625
0401496322
0401502598
0401508417
0401512820
0401519438
0401521192
0401537330	
0401540080
0401552837
0401564946
0401565255
0401569733
0401602638
0401628554
0401638583
0401641012
0401641939
0401644235
0401646984
0401655220
0401662410
0401667414
0401720400
0401722643
0401729853
0401736162
0401753293
0401784738
0401791159
0401815225
0401822242
0401828670
0401833327
0401851218
0401863114
0401865241
0401878379
0401923905
0401936326
0401942710
0401943963
0401945336
0401948073
0401959301
0401961994
0401964184
0401967641
0401985467
0402 219 897
0402 244 759
0402 354 121
0402 466 376
0402 494 362
0402 704 091
0402018963
0402032039
0402039112
0402047005
0402052802
0402058717
0402062638
0402065623
0402070294
0402073656
0402083308
0402095252
0402135062
0402144401
0402160815
0402162614
0402162649
0402162694
0402191433
0402191434
0402203700
0402205932
0402219803
0402235420
0402240447
0402244759
0402252431
0402253535
0402265885
0402284177
0402301268
0402339454
0402342363
0402345280
0402353007
0402354121
0402371460
0402421181
0402430872
0402431165
0402431481
0402452961
0402455573
0402466179
0402466374
0402483860
0402484105
0402485050
0402494105
0402496772
0402496893
0402501467
0402511837
0402529015
0402538228
0402539227
0402546333
0402550697
0402560690
0402562985
0402573601
0402585987
0402588648
0402595626
0402595696
0402599538
0402631134
0402633167
0402642719
0402649782
0402655418
0402656818
0402660695
0402669411
0402675868
0402681606
0402704091
0402708761
0402714416
0402714747
0402717494
0402720881
0402734903
0402766811
0402773666
0402773699
0402786907
0402795231
0402801578
0402804264
0402805965
0402813028
0402813196
0402819459
0402869001
0402880595
0402891014
0402891585
0402901231
0402901618
0402919093
0402922774
0402938514
0402941686
0402968898
0402982737
0402983421
0402993353
0402999996
0403 650 614
0403 681 154
0403 938 661
0403002571
0403043208
0403046917
0403050882
0403069649
0403118075
0403124733
0403133788
0403136547
0403153341
0403157916
0403180336
0403180387
0403182352
0403193812
0403209842
0403229537
0403231448
0403233039
0403233886
0403234679
0403252547
0403266307
0403274182
0403274429
0403286221
0403288255
0403290859
0403291289
0403292878
0403293138
0403294687
0403312430
0403323823
0403326815
0403326951
0403340029
0403369009
0403388712
0403396773
0403410111
0403412199
0403418878
0403435046
0403452030
0403464037
0403465865
0403519465
0403533268
0403541729
0403560831
0403563540
0403570811
0403571560
0403579882
0403599928
0403618557
0403629524
0403631505
0403640019
0403650614
0403666045
0403669832
0403673567
0403677792
0403680954
0403687670
0403708186
0403745729
0403746371
0403771755
0403784273
0403784672
0403826147
0403840840
0403849353
0403872012
0403872426
0403895796
0403910559
0403917064
0403925128
0403935918
0403946365
0403953415
0403954560
0403955883
0403970673
0403974536
0403990260
0403993765
0404 412 830
0404015697
0404023611
0404025953
0404029034
0404037763
0404041722
0404065780
0404074808
0404081863
0404097684
0404129525
0404144503
0404164220
0404170770
0404178881
0404183358
0404191014
0404191722
0404198526
0404207774
0404260193
0404274806
0404311223
0404322956
0404388781
0404394494
0404395306
0404408568
0404412830
0404417411
0404427026
0404427027
0404428052
0404448954
0404467613
0404471696
0404488111
0404490598
0404507854
0404513165
0404514667
0404522973
0404536927
0404548879
0404633856
0404643679
0404646679
0404662753
0404664446
0404664572
0404664948
0404666607
0404670801
0404676410
0404686534
0404707418
0404734033
0404755663
0404772496
0404777500
0404779036
0404780750
0404795947
0404841628
0404848795
0404856940
0404881721
0404895396
0404904573
0404908009
0404941316
0404961842
0405004499
0405018463
0405018969
0405027438
0405038484
0405041133
0405060475
0405067422
0405099661
0405138458
0405140566
0405166082
0405168670
0405174126
0405174156
0405176327
0405188152
0405190744
0405218453
0405242823
0405243823
0405244811
0405261051
0405278259
0405303383
0405309102
0405311765
0405312753
0405381847
0405384002
0405388511
0405390912
0405402377
0405426270
0405434449
0405455606
0405460181
0405489185
0405491004
0405521626
0405521921
0405542025
0405557051
0405570434
0405576202
0405579994
0405580529
0405589410
0405590129
0405593578
0405594037
0405595960
0405609079
0405609477
0405623305
0405625630
0405653267
0405692001
0405700000
0405730904
0405733020
0405734471
0405761189
0405767094
0405828722
0405838833
0405849835
0405852684
0405885743
0405900044
0405901858
0405933839
0405937669
0405965308
0406 090 011
0406002775
0406014502
0406020258
0406033417
0406036698
0406074730
0406104920
0406112166
0406181776
0406194646
0406196618
0406201010
0406229643
0406230553
0406236523
0406237716
0406241919
0406267495
0406270339
0406272320
0406279433
0406286697
0406290556
0406313675
0406319691
0406349770
0406379792
0406383638
0406385382
0406401099
0406401934
0406409102
0406419670
0406473429
0406528118
0406550232
0406552368
0406569887
0406584922
0406600157
0406633309
0406633368
0406650034
0406654467
0406665620
0406667605
0406678415
0406696663
0406699567
0406702774
0406704480
0406738314
0406754160
0406764460
0406776386
0406784445
0406791699
0406809691
0406813604
0406817189
0406885283
0406894031
0406899325
0406908405
0406908885
0406909011
0406911795
0406926381
0406939540
0406954589
0406960625
0406971052
0406996115
0406996339
0407 014 927
0407 073 563
0407 206 036
0407 335 448
0407010233
0407015798
0407022175
0407026643
0407030102
0407034598
0407041341
0407050182
0407055365
0407055997
0407057444
0407073563
0407074220
0407079176
0407083674
0407085402
0407100921
0407101067
0407102295
0407103871
0407106631
0407116258
0407117364
0407117981
0407128542
0407131345
0407140791
0407145488
0407154577
0407170052
0407174606
0407177694
0407181533
0407190874
0407193551
0407194428
0407195706
0407198645
0407198683
0407219566
0407222057
0407222871
0407226547
0407234907
0407257536
0407258975
0407262696
0407292992
0407299976
0407300208
0407300900
0407315029
0407316853
0407321112
0407328346
0407334777
0407335448
0407358527
0407372056
0407378693
0407385863
0407413715
0407417204
0407419205
0407425784
0407434858
0407435711
0407442123
0407442666
0407445661
0407468353
0407471951
0407475684
0407487302
0407491526
0407498119
0407513882
0407531866
0407537012
0407540642
0407540778
0407548769
0407559953
0407570006
0407571015
0407575291
0407580287
0407581470
0407582229
0407590346
0407591788
0407593817
0407595363
0407599881
0407607003
0407607545
0407612626
0407613677
0407630015
0407631305
0407645408
0407645839
0407649757
0407655961
0407668859
0407669059
0407673573
0407697080
0407733058
0407734034
0407745266
0407771333
0407771601
0407773875
0407775051
0407779179
0407795641
0407798240
0407820615
0407823097
0407850212
0407856079
0407863480
0407866809
0407872116
0407875776
0407887443
0407889865
0407893652
0407904563
0407904564
0407916379
0407924493
0407924494
0407930571
0407937830
0407942275
0407944467
0407947795
0407949029
0407953674
0407966437
0407967940
0407977603
0407978777
0407981142
0407983331
0407991665
0407997903
0408 034 300
0408 073 978
0408 159 900
0408 240 590
0408 246927
0408 505 206
0408 915 873
0408016421
0408020121
0408055533
0408063448
0408073338
0408094938
0408099931
0408107080
0408118295
0408124681
0408135000
0408136553
0408137670
0408152949
0408157137
0408159900
0408164643
0408171511
0408179176
0408180475
0408195796
0408199975
0408239005
0408242020
0408247213
0408257395
0408281191
0408281512
0408281737
0408299449
0408302214
0408307299
0408313880
0408316397
0408337267
0408338658
0408344281
0408386065
0408401713
0408427120
0408431701
0408446701
0408452183
0408481723
0408500845
0408505206
0408508688
0408510993
0408530779
0408549445
0408550583
0408552364
0408555795
0408569206
0408572770
0408592953
0408604709
0408606275
0408612125
0408622446
0408628928
0408635530
0408636946
0408696271
0408696407
0408705403
0408707365
0408721593
0408730145
0408736805
0408758130
0408767444
0408768860
0408769860
0408786783
0408817370
0408823471
0408825323
0408843652
0408845390
0408851738
0408861357
0408862020
0408868256
0408878776
0408878848
0408881519
0408886147
0408898633
0408907326
0408910544
0408913333
0408915149
0408916249
0408917358
0408920181
0408923653
0408924729
0408928662
0408938813
0408943793
0408945450
0408945696
0408946499
0408947877
0408947953
0408958856
0408962998
0408975532
0409 133 324
0409 258 704
0409 764 228
0409000522
0409003460
0409006227
0409006891
0409013352
0409031680
0409033153
0409034518
0409042459
0409055858
0409060171
0409063268
0409072185
0409073299
0409078867
0409078980
0409084888
0409089175
0409091227
0409096045
0409098740
0409100427
0409107263
0409112700
0409113395
0409114279
0409140710
0409154982
0409155333
0409177567
0409180251
0409210345
0409220688
0409224825
0409233075
0409233885
0409243058
0409260977
0409276350
0409276991
0409277487
0409290861
0409292728
0409301135
0409308634
0409311988
0409312404
0409315036
0409322530
0409324020
0409331303
0409337818
0409338658
0409354523
0409356399
0409365052
0409370020
0409378786
0409388014
0409403326
0409404155
0409405639
0409437704
0409446905
0409457833
0409489873
0409490538
0409497655
0409509067
0409509077
0409549343
0409554738
0409562442
0409565622
0409566555
0409569661
0409577101
0409577500
0409577909
0409608564
0409611204
0409615640
0409630771
0409632905
0409635573
0409660690
0409661977
0409664864
0409680650
0409689324
0409725792
0409728648
0409738550
0409749794
0409753128
0409761523
0409776638
0409782239
0409797218
0409818502
0409821967
0409833114
0409839388
0409840429
0409843044
0409858373
0409861886
0409863800
0409866798
0409872139
0409881543
0409885352
0409885353
0409889896
0409889934
0409890394
0409909563
0409913664
0409935294
0409935555
0409938791
0409951627
0409952207
0409959535
0409962946
0409967325
0409988053
0409992609
0410 393 808
0410 979 179
0410005773
0410020450
0410022323
0410026096
0410040548
0410054721
0410074274
0410086244
0410093244
0410095509
0410112816
0410115213
0410128306
0410128953
0410131649
0410182802
0410184750
0410204566
0410214689
0410215018
0410227223
0410231990
0410233637
0410254495
0410278996
0410282608
0410302542
0410305236
0410306148
0410316555
0410317662
0410319230
0410378523
0410410670
0410423066
0410424288
0410428116
0410431650
0410437742
0410444729
0410448451
0410459855
0410500281
0410504051
0410534842
0410557374
0410577910
0410601109
0410607327
0410609729
0410644881
0410644921
0410673520
0410720692
0410726778
0410732547
0410739810
0410763924
0410772116
0410773649
0410781532
0410816939
0410824012
0410829118
0410831499
0410833050
0410833278
0410844792
0410859974
0410863023
0410887802
0410907101
0410908692
0410919488
0410931081
0410937742
0410938756
0410966963
0410992887
0410996956
0411 671 504
0411015866
0411023335
0411032387
0411040601
0411061784
0411068026
0411086099
0411086641
0411091202
0411093038
0411129388
0411137728
0411139183
0411140131
0411147160
0411147395
0411155330
0411167872
0411177192
0411182049
0411185931
0411186341
0411189065
0411222944
0411255570
0411262209
0411267454
0411273656
0411281875
0411304902
0411312994
0411321194
0411332910
0411353005
0411365717
0411377914
0411378084
0411378645
0411385729
0411387087
0411418407
0411423754
0411424508
0411431072
0411442176
0411449143
0411461610
0411476501
0411487454
0411496799
0411531010
0411557154
0411559287
0411575172
0411575668
0411576517
0411594220
0411614966
0411640343
0411646750
0411657217
0411659729
0411710939
0411716482
0411729370
0411730021
0411733644
0411741228
0411743637
0411746067
0411751821
0411755460
0411763852
0411771069
0411774763
0411797174
0411803068
0411814565
0411818232
0411829006
0411831346
0411835908
0411836163
0411837841
0411841292
0411872592
0411873250
0411889709
0411891661
0411894995
0411916520
0411919617
0411923810
0411936496
0411960643
0411986935
0411987151
0411988873
0412 758 873
0412 879 611
0412013460
0412042049
0412043420
0412051476
0412054772
0412067887
0412074694
0412115995
0412130763
0412138945
0412158869
0412160092
0412169492
0412170800
0412179548
0412185337
0412199552
0412205935
0412211908
0412239959
0412242598
0412251763
0412255611
0412284241
0412293514
0412297323
0412300651
0412306357
0412309734
0412317120
0412322394
0412330024
0412330282
0412336296
0412344425
0412345024
0412348190
0412355366
0412357354
0412375438
0412385673
0412387429
0412388582
0412405694
0412413692
0412416325
0412434102
0412441315
0412494438
0412501877
0412504606
0412522803
0412535142
0412537380
0412542308
0412548144
0412568260
0412611149
0412635311
0412642089
0412652541
0412671431
0412680919
0412687148
0412690981
0412699768
0412700240
0412725499
0412734942
0412750764
0412752718
0412768519
0412771234
0412772393
0412796648
0412818706
0412830441
0412833899
0412855972
0412872450
0412874146
0412879903
0412882152
0412885081
0412890271
0412929986
0412938915
0412956698
0412960522
0412968056
0412971478
0412976021
0412979872
0412982487
0412998497
0413 470 915
0413000378
0413007863
0413023993
0413030773
0413036128
0413047831
0413054662
0413056364
0413057719
0413059390
0413061496
0413067590
0413068517
0413086330
0413088569
0413089705
0413101200
0413104462
0413127624
0413135613
0413136615
0413141087
0413141089
0413145280
0413162055
0413166213
0413181281
0413181371
0413191660
0413199127
0413214139
0413216804
0413219622
0413238518
0413254442
0413268038
0413286843
0413289084
0413289129
0413289203
0413302000
0413308880
0413315702
0413322697
0413327166
0413340499
0413346878
0413352315
0413377330
0413388780
0413393170
0413396706
0413402603
0413406791
0413417969
0413433634
0413447135
0413460068
0413461119
0413465251
0413484370
0413485305
0413487036
0413498157
0413504704
0413507175
0413508296
0413512461
0413523319
0413559672
0413589112
0413589693
0413592436
0413604105
0413641522
0413646837
0413660276
0413666481
0413673635
0413676369
0413689329
0413690196
0413691402
0413692355
0413692994
0413693269
0413697876
0413726938
0413729104
0413739009
0413763144
0413768401
0413769081
0413772408
0413776236
0413776533
0413786929
0413790057
0413790692
0413794354
0413810876
0413818898
0413825323
0413847843
0413880748
0413882896
0413886430
0413886989
0413889259
0413905617
0413907101
0413917955
0413919151
0413940521
0413952322
0413952677
0413955072
0413960990
0413961408
0413990733
0413994272
0414 196 761
0414 716 698
0414 808 444
0414 897 852
0414014313
0414044391
0414081550
0414144388
0414194993
0414216882
0414238691
0414243443
0414261222
0414267125
0414268574
0414281249
0414361525
0414365980
0414391449
0414391752
0414402591
0414415619
0414420440
0414422142
0414430185
0414441627
0414552198
0414555673
0414565465
0414589193
0414599024
0414619516
0414626699
0414633432
0414667484
0414673321
0414674625
0414686374
0414688379
0414701718
0414702309
0414708154
0414740691
0414741541
0414759259
0414772468
0414778467
0414797930
0414818698
0414828652
0414831160
0414838778
0414864634
0414866331
0414872276
0414879015
0414891411
0414896990
0414897852
0414901383
0414904179
0414906304
0414912039
0414929028
0414933363
0414937718
0414973537
0415 759 166
0415 759 180
0415061055
0415062209
0415074017
0415083906
0415111547
0415130490
0415148951
0415156215
0415164158
0415174646
0415176494
0415180100
0415200992
0415203040
0415229091
0415230598
0415279140
0415284038
0415299873
0415302357
0415313396
0415315177
0415328359
0415377554
0415385275
0415386675
0415407689
0415428529
0415435073
0415436119
0415440185
0415444836
0415453606
0415468259
0415480017
0415487252
0415492941
0415516755
0415531682
0415537402
0415542919
0415551226
0415563525
0415589048
0415600509
0415600991
0415605867
0415606002
0415618639
0415627415
0415636860
0415672714
0415674752
0415691558
0415693998
0415702619
0415721328
0415726336
0415747446
0415754902
0415759166
0415759180
0415769233
0415785886
0415796830
0415798929
0415822652
0415850278
0415903890
0415915640
0415928211
0415934171
0415943632
0415957854
0415959670
0415964181
0415966113
0415970303
0415972430
0415982818
0415992262
0416 429 501
0416004670
0416012355
0416014072
0416038038
0416057129
0416075643
0416090584
0416121650
0416140070
0416187181
0416204856
0416234074
0416235695
0416265159
0416273117
0416275638
0416278874
0416283283
0416305040
0416315246
0416330274
0416352961
0416355010
0416380004
0416406506
0416406712
0416406812
0416420500
0416421418
0416429501
0416434248
0416443359
0416458031
0416471570
0416501615
0416509043
0416514129
0416526170
0416529088
0416537867
0416565519
0416595309
0416633437
0416663575
0416689336
0416689566
0416699098
0416728773
0416751662
0416759066
0416776989
0416777430
0416780138
0416806163
0416824029
0416848829
0416852800
0416855611
0416870719
0416877256
0416884556
0416889629
0416889754
0416893938
0416980872
0417 439 880
0417 928 929
0417 981 186
0417 995 558
0417001447
0417019111
0417025286
0417043085
0417059449
0417066088
0417070054
0417070081
0417086757
0417094764
0417107107
0417111458
0417117303
0417117772
0417119724
0417127801
0417135196
0417135618
0417148131
041715-5517
0417153903
0417174922
0417182025
0417182050
0417191910
0417193527
0417228145
0417267925
0417287731
0417289279
0417320735
0417347556
0417349222
0417360584
0417377647
0417400946
0417414874
0417439880
0417457566
0417470129
0417470309
0417480211
0417481171
0417501899
0417517618
0417523250
0417534277
0417547080
0417607828
0417611813
0417627041
0417643460
0417645466
0417648994
0417658429
0417676666
0417676794
0417685413
0417704571
0417711984
0417717551
0417720877
0417724918
0417729246
0417730212
0417739013
0417740030
0417745794
0417750014
0417753875
0417761151
0417766757
0417775597
0417782237
0417792023
0417807802
0417811614
0417815999
0417831593
0417858191
0417862262
0417875454
0417883799
0417894279
0417897580
0417899825
0417909232
0417928929
0417935197
0417937548
0417955161
0417958621
0417960230
0417961020
0417981186
0417989589
0417992092
0417995104
0417996966
0418 234 387
0418 663 216
0418107547
0418117669
0418118734
0418119984
0418120632
0418122786
0418126795
0418154505
0418155326
0418162539
0418173400
0418188596
0418190654
0418204292
0418222152
0418238960
0418245047
0418253853
0418264786
0418274431
0418277712
0418283817
0418285741
0418292861
0418300931
0418300947
0418301439
0418310593
0418310984
0418311000
0418342145
0418359968
0418366807
0418393081
0418394663
0418403498
0418405293
0418409855
0418409874
0418415771
0418416395
0418429226
0418429931
0418440386
0418448373
0418464828
0418480277
0418493686
0418506288
0418511450
0418516979
0418524424
0418534791
0418572048
0418582758
0418613779
0418622090
0418650462
0418663216
0418666588
0418669334
0418681205
0418692886
0418696972
0418720647
0418731407
0418735154
0418742222
0418742772
0418747860
0418759223
0418759736
0418759749
0418765397
0418769050
0418770948
0418780534
0418786925
0418795006
0418798919
0418829713
0418834199
0418836066
0418837678
0418837989
0418854121
0418880466
0418882800
0418888922
0418902222
0418905932
0418908178
0418915125
0418925922
0418934199
0418944218
0418953011
0418989759
0418994127
0418998663
0419 912 423
0419019456
0419026657
0419040098
0419121916
0419123349
0419166330
0419168048
0419175822
0419182498
0419188103
0419221505
0419230439
0419233052
0419250571
0419275250
0419280613
0419292363
0419349367
0419414292
0419415239
0419430426
0419435452
0419436810
0419466456
0419517978
0419534222
0419536526
0419560259
0419561499
0419593753
0419600723
0419601184
0419608551
0419624791
0419633224
0419650681
0419660533
0419663748
0419665643
0419668648
0419672464
0419690640
0419709279
0419712116
0419714630
0419715167
0419749907
0419753036
0419762035
0419770928
0419771418
0419772008
0419792046
0419792315
0419794678
0419797725
0419815133
0419828520
0419831527
0419839621
0419841453
0419842912
0419849082
0419856402
0419862034
0419869623
0419884458
0419897868
0419905985
0419907556
0419908178
0419913697
0419922135
0419931066
0419935305
0419967867
0419973630
0419975494
0420 780 492
0420181476
0420209006
0420210900
0420218938
0420227771
0420242080
0420279576
0420305657
0420313196
0420314682
0420317783
0420325905
0420331813 
0420335081
0420407257
0420430815
0420445736
0420458614
0420461721
0420462674
0420474667
0420511066
0420520195
0420560603
0420564386
0420564910
0420564940
0420583080
0420593362
0420602121
0420626659
0420630334
0420632671
0420649566
0420696817
0420699105
0420707251
0420722717
0420736227
0420763842
0420775832
0420780482
0420781847
0420794090
0420795894
0420800562
0420815408
0420815933
0420818476
0420822619
0420829946
0420840829
0420841716
0420867036
0420890108
0420901224
0420903079
0420906838
0420906848
0420949372
0420980557
0420989602
0420989949
0420997236
0421 752 377
0421 877 944
0421000898
0421001866
0421001869
0421002833
0421002980
0421009839
0421010624
0421011591
0421012373
0421019306
0421034555
0421040584
0421041719
0421042869
0421049214
0421079699
0421096195
0421100379
0421105174
0421108816
0421119210
0421128884
0421137051
0421152131
0421152399
0421152739
0421169719
0421174886
0421181288
0421182625
0421190239
0421200039
0421208449
0421211871
0421214031
0421222871
0421230122
0421239268
0421244963
0421247668
0421252503
0421257138
0421271057
0421275963
0421276976
0421303392
0421316461
0421322051
0421326771
0421339289
0421341740
0421342408
0421344566
0421344762
0421352414
0421371436
0421374876
0421380202
0421384658
0421388026
0421391269
0421392415
0421394195
0421416949
0421418566
0421424438
0421425590
0421429975
0421439856
0421457784
0421457850
0421478929
0421480609
0421484756
0421489206
0421492876
0421496798
0421498133
0421499867
0421522408
0421544164
0421552009
0421557804
0421566221
0421576347
0421595612
0421597181
0421608219
0421610545
0421634565
0421639113
0421640008
0421644875
0421652047
0421675622
0421682258
0421696895
0421716777
0421718121
0421725471
0421730158
0421740033
0421749649
0421752377
0421755768
0421758262
0421760570
0421773381
0421778854
0421791200
0421810313
0421818907
0421825580
0421826836
0421826996
0421833377
0421842227
0421842503
0421843201
0421850715
0421855741
0421868857
0421870295
0421873846
0421927477
0421958078
0421960062
0421970194
0421973971
0422 167 360
0422 358 795
0422 591 611
0422 780 388
0422 819 396
0422015162
0422022068
0422023868
0422041510
0422043364
0422047032
0422047443
0422051727
0422056045
0422060737
0422068936
0422071015
0422073442
0422076855
0422081825
0422084532
0422093526
0422093656
0422100258
0422122753
0422124048
0422145506
0422153005
0422167360
0422171855
0422175518
0422182112
0422203339
0422215341
0422217653
0422220307
0422224464
0422225499
0422227712
0422228769
0422239247
0422261245
0422262941
0422265057
0422265660
0422268427
0422269974
0422275677
0422278803
0422282509
0422290890
0422301771
0422305997
0422332275
0422332872
0422346441
0422358794
0422358795
0422363332
0422399467
0422401187
0422418267
0422424956
0422431475
0422431575
0422433722
0422445949
0422451461
0422452375
0422476184
0422481770
0422509790
0422514201
0422518919
0422525804
0422533444
0422533933
0422537075
0422558340
0422572808
0422574952
0422576815
0422597340
0422609471
0422635611
0422640430
0422640683
0422640920
0422655317
0422679034
0422680586
0422689185
0422690059
0422711138
0422714769
0422727612
0422745655
0422745662
0422750052
0422756344
0422772772
0422781595
0422782341
0422793260
0422803260
0422822236
0422824353
0422827451
0422829716
0422844096
0422845360
0422854099
0422866420
0422875657
0422890366
0422897163
0422903439
0422904018
0422906804
0422933033
0422957225
0422957226
0422957238
0422958325
0422967713
0422967786
0422970286
0423 108 866
0423 403 755
0423 675 299
0423021534
0423057398
0423066874
0423068034
0423072867
0423081227
0423081805
0423084722
0423088358
0423110418
0423184154
0423190380
0423203144
0423218881
0423226872
0423234276
0423238176
0423242862
0423255874
0423275729
0423276263
0423282146
0423282666
0423298602
0423310403
0423314910
0423331403
0423332483
0423338411
0423340893
0423351399
0423363324
0423365533
0423372578
0423396744
0423403385
0423403755
0423407352
0423427723
0423451179
0423452293
0423454653
0423457447
0423458847
0423460835
0423478714
0423480499
0423483708
0423490352
0423491522
0423499243
0423502458
0423508443
0423522292
0423530926
0423533350
0423533547
0423549277
0423550271
0423558285
0423560552
0423561449
0423562961
0423566683
0423569730
0423574525
0423581848
0423583086
0423583863
0423615671
0423618839
0423621620
0423631500
0423638576
0423651214
0423659721
0423663112
0423672982
0423673807
0423678810
0423681369
0423688013
0423688648
0423711703
0423711940
0423720782
0423727555
0423735010
0423742488
0423743952
0423775231
0423777000
0423777866
0423778974
0423785440
0423788917
0423793005
0423803499
0423824500
0423824599
0423825571
0423826105
0423861406
0423865807
0423879016
0423884831
0423889162
0423908891
0423919869
0423927042
0423945077
0423951608
0423954679
0423957082
0423986899
0424 840 101
0424001204
0424016612
0424026642
0424028784
0424035711
0424097601
0424099201
0424143211
0424150466
0424155199
0424166860
0424170552
0424177559
0424187031
0424201662
0424205826
0424244617
0424246583
0424249132
0424253356
0424262556
0424271055
0424274068
0424293386
0424327463
0424329331
0424331435
0424369744
0424412514
0424420501
0424441233
0424450445
0424470053
0424500552
0424511544
0424554861
0424558205
0424564826
0424567802
0424584144
0424588325
0424592360
0424623152
0424658327
0424678720
0424682021
0424716548
0424718871
0424734629
0424736178
0424773671
0424782533
0424789733
0424793413
0424797384
0424805724
0424812514
0424840101
0424901404
0424912919
0424925740
0424977951
0424980047
0424997050
0424997598
0425066624
0425200071
0425200895
0425201455
0425208143
0425213113
0425215328
0425219193
0425225966
0425310927
0425324377
0425345476
0425369906
0425403196
0425412050
0425446984
0425659696
0425700676
0425751175
0425804295
0425820155
0425861808
0425877986
0425882090
0425888190
0426002425
0426132880
0426159099
0426207817
0426223464
0426240177
0426296805
0426367462
0426368365
0426388827
0426393901
0426419292
0426483014
0426497350
0426576407
0426583710
0426650166
0426658031
0426696013
0426704576
0426715268
0426775791
0426808159
0426818727
0426821801
0426831998
0426857080
0426886221
0426896483
0426955441
0426956565
0426972445
0426975728
0427 400 658
0427 441 080
0427003223
0427004119
0427027547
0427033774
0427040398
0427055484
0427055767
0427056702
0427077043
0427087445
0427099559
0427099834
0427114120
0427181053
0427215571
0427228999
0427238715
0427241497
0427265514
0427271600
0427272947
0427278269
0427279603
0427282185
0427293939
0427296301
0427298199
0427300109
0427303017
0427333264
0427340920
0427372569
0427377799
0427385418
0427388771
0427389839
0427400658
0427403253
0427404758
0427414360
0427438483
0427452108
0427461167
0427466171
0427471725
0427477739
0427483675
0427495044
0427505365
0427506993
0427507191
0427536650
0427537478
0427537727
0427544618
0427579444
0427581028
0427585397
0427586630
0427595035
0427610144
0427619699
0427623711
0427624776
0427656048
0427673346
0427674360
0427678862
0427681072
0427684494
0427692582
0427705896
0427712071
0427717461
0427722257
0427722874
0427745204
0427770484
0427772988
0427777276
0427780872
0427782237
0427790816
0427790872
0427791187
0427793407
0427795612
0427796657
0427809819
0427832168
0427838100
0427849015
0427904644
0427918015
0427964582
0427965956
0427977704
0427980744
0427985507
0427987794
0427992185
0427997566
0427999781
0428 249 303
0428 989 471
0428025904
0428056966
0428088757
0428089232
0428092469
0428096384
0428101233
0428104451
0428104641
0428116141
0428130457
0428155613
0428168012
0428176284
0428200266
0428219558
0428230862
0428258974
0428260990
0428270602
0428276693
0428280482
0428290244
0428295575
0428296066
0428304308
0428311298
0428311398
0428329121
0428340460
0428348327
0428350866
0428353985
0428360089
0428380402
0428382465
0428388509
0428402642
0428406070
0428408441
0428415551
0428417987
0428423652
0428425812
0428428983
0428468154
0428484737
0428487279
0428488733
0428498663
0428501594
0428525749
0428533085
0428550174
0428572048
0428581624
0428582267
0428588725
0428592686
0428613329
0428620897
0428629566
0428636924
0428650013
0428675824
0428679544
0428680644
0428682822
0428697777
0428699266
0428713329
0428722609
0428744215
0428750044
0428808117
0428819056
0428851688
0428855554
0428878832
0428880728
0428895658
0428922427
0428929456
0428945533
0428997340  
0429 155 500
0429 602 233
0429 656 121
0429000853
0429006406
0429009641
0429022975
0429039053
0429039141
0429042140
0429060320
0429074451
0429078876
0429085961
0429086908
0429090785
0429116311
0429117730
0429126391
0429146516
0429155500
0429166023
0429177993
0429200398
0429217628
0429268683
0429290038
0429309953
0429317007
0429324695
0429356914
0429380251
0429382648
0429398758
0429427367
0429449234
0429460435
0429476619
0429477286
0429480463
0429513690
0429531545
0429544966
0429546979
0429573162
0429591821
0429604465
0429604735
0429611988
0429640099
0429656912
0429777195
0429799341
0429800028
0429837495
0429841331
0429842647
0429848440
0429855892
0429868438
0429884591
0429893207
0429898532
0429908550
0429910270
0429932841
0429941755
0429945448
0429945900
0429950828
0429955140
0429986671
0429998295
0429999270
0430 106 571
0430 817 281
0430002896
0430068406
0430127517
0430140380
0430164776
0430200310
0430222504
0430226501
0430239893
0430321233
0430395602
0430397300
0430440754
0430444495
0430449482
0430482557
0430515008
0430520590
0430561904
0430564834
0430574755
0430645110
0430681733
0430741446
0430846123
0430911332
0430992602
0431 082 262
0431 462 466
0431 691 982
0431004190
0431012069
0431018220
0431043252
0431044009
0431048449
0431053437
0431074898
0431075010
0431080990
0431082400
0431088121
0431095960
0431101908
0431104814
0431116101
0431142144
0431143708
0431153662
0431171495
0431184030
0431190731
0431193716
0431208822
0431218465
0431234631
0431235636
0431253232
0431254375
0431259226
0431263848
0431264143
0431278833
0431283165
0431333081
0431340057
0431350162
0431354785
0431360274
0431369736
0431370664
0431386105
0431399792
0431411416
0431411973
0431420099
0431424541
0431437500
0431442798
0431452536
0431462466
0431468265
0431480820
0431482148
0431487967
0431488785
0431495117
0431518625
0431520670
0431527784
0431531307
0431532307
0431534508
0431555025
0431556000
0431556358
0431565594
0431570811
0431580448
0431589589
0431623128
0431632307
0431663178
0431675155
0431686564
0431690485
0431691982
0431706151
0431707855
0431710229
0431714673
0431715197
0431725123
0431727898
0431728105
0431730520
0431733969
0431744034
0431769759
0431776927
0431790074
0431808525
0431810481
0431812420
0431816982
0431829131
0431838249
0431854670
0431885838
0431886523
0431897870
0431900572
0431904604
0431921234
0431941675
0431941755
0431962545
0431963236
0431969958
0432 293 875
0432 847 977
0432006962
0432021177
0432026123
0432033950
0432040705
0432045902
0432047626
0432057354
0432059329
0432062505
0432075790
0432077726
0432078800
0432080033
0432086667
0432128312
0432132885
0432133639
0432144322
0432146057
0432147045
0432154080
0432166366
0432170803
0432176512
0432179835
0432184941
0432193819
0432201680
0432222567
0432232182
0432240053
0432243990
0432247345
0432252429
0432256870
0432263750
0432275432
0432277595
0432311686
0432314644
0432326316
0432332545
0432336224
0432336892
0432345031
0432345469
0432366860
0432366987
0432387633
0432389152
0432397750
0432400066
0432403070
0432413181
0432417311
0432427282
0432442242
0432445234
0432446303
0432450648
0432472277
0432474557
0432483652
0432483653
0432484375
0432486683
0432497850
0432509233
0432512988
0432546636
0432550410
0432553705
0432590855
0432606828
0432613363
0432653007
0432656939
0432658869
0432664877
0432680837
0432701786
0432703564
0432741500
0432752425
0432759367
0432775241
0432776554
0432791004
0432794710
0432805108
0432805109
0432837082
0432838178
0432847977
0432859007
0432877265
0432886613
0432896711
0432902396
0432922149
0432959251
0432972648
0432994250
0433 278 340
0433020156
0433022990
0433033574
0433034280
0433042870
0433064144
0433075310
0433077167
0433087830
0433092299
0433099133
0433173139
0433223509
0433224575
0433245162
0433253474
0433267774
0433278659
0433294626
0433295860
0433303172
0433316821
0433330642
0433340547
0433370318
0433382321
0433410960
0433417679
0433424889
0433429103
0433433955
0433435419
0433436446
0433436995
0433446254
0433452067
0433452723
0433464232
0433535196
0433540144
0433549828
0433558999
0433578387
0433670883
0433696212
0433716471
0433745546
0433768776
0433777910
0433796159
0433798107
0433801359
0433806394
0433817877
0433831860
0433840535
0433842024
0433842728
0433846144
0433860649
0433865008
0433915601
0433919192
0433929022
0433930724
0433930991
0433935115
0433945026
0433969572
0433973679
0433991554
0434 543 386
0434007858
0434011395
0434040885
0434043388
0434047046
0434058963
0434066767
0434067993
0434102511
0434104383
0434107015
0434125337
0434136661
0434143445
0434150688
0434180576
0434180580
0434210435
0434212472
0434212743
0434225843
0434232289
0434236887
0434249448
0434258473
0434258674
0434267377
0434270934
0434277022
0434337025
0434347341
0434349242
0434359651
0434367679
0434378043
0434395424
0434396848
0434407632
0434410528
0434411809
0434413641
0434418700
0434418806
0434431577
0434432382
0434432526
0434464351
0434466275
0434487422
0434492183
0434511335
0434524959
0434527789
0434533177
0434537624
0434543386
0434555533
0434559170
0434570430
0434577665
0434580942
0434614161
0434615586
0434639439
0434647162
0434667711
0434680641
0434698616
0434703071
0434703540
0434704055
0434712132
0434731042
0434760213
0434799401
0434801631
0434831300
0434834740
0434844393
0434845223
0434862323
0434874851
0434889382
0434893857
0434909678
0434927513
0434972310
0434979225
0434994260
0435 073 343
0435 163 738
0435 729 077
0435007150
0435014000
0435039372
0435040195
0435046211
0435048037
0435063377
0435084837
0435086192
0435092637
0435141913
0435151049
0435156425
0435166903
0435170107
0435177552
0435183803
0435262254
0435278395
0435321882
0435328555
0435369447
0435383184
0435393795
0435429956
0435432899
0435453071
0435500419
0435536811
0435545166
0435585407
0435588602
0435590667
0435606618
0435678616
0435715570
0435720913
0435724042
0435729077
0435732663
0435733267
0435741774
0435746973
0435778687
0435820134
0435822152
0435844432
0435847623
0435851427
0435856320
0435859175
0435860052
0435885598
0435887729
0435888710
0435890777
0435900405
0435906243
0435907842
0435911421
0435918964
0435925587
0435935576
0435938418
0435941607
0435943089
0435957048
0435959028
0436005231
0436098171
0436280146
0436281450
0436290921
0436299545
0436306527
0436316337
0436337844
0436354714
0436370632
0436378786
0436387117
0436393661
0436399610
0436405431
0436416851
0436422090
0436442863
0436465878
0436471888
0436657155
0436859835
0436861691
0436929334
0436935576
0436949033
0437 715 213
0437001454
0437005463
0437011262
0437028250
0437062507
0437080295
0437081468
0437089189
0437115469
0437124925
0437132265
0437155583
0437180550
0437181517
0437200416
0437207059
0437212560
0437214493
0437228626
0437247456
0437252518
0437263553
0437279309
0437291448
0437295780
0437308355
0437313870
0437315728
0437318016
0437321101
0437345929
0437369511
0437394963
0437410100
0437412832
0437426184
0437443381
0437458713
0437472882
0437505212
0437522524
0437526643
0437536903
0437540306
0437555561
0437565203
0437565206
0437586112
0437590794
0437593941
0437595281
0437611442
0437635853
0437642197
0437643127
0437664631
0437694465
0437704713
0437714502
0437721390
0437735653
0437738852
0437745436
0437761867
0437773090
0437776487
0437779601
0437780618
0437784818
0437794267
0437811020
0437811444
0437827643
0437842126
0437876708
0437888598
0437903290
0437977903
0437988818
0437997690
0438 295 979
0438 328 231
0438 742 267
0438035392
0438037757
0438042727
0438049805
0438060080
0438065003
0438100962
0438111480
0438113302
0438113310
0438122165
0438142927
0438143311
0438158945
0438168708
0438202874
0438207810
0438216186
0438218975
0438222195
0438224900
0438246927
0438255430
0438264217
0438264617
0438268587
0438281922
0438295979
0438302941
0438305106
0438324668
0438336595
0438339769
0438376170
0438384021
0438388737
0438396596
0438426139
0438432933
0438438326
0438448374
0438451176
0438453676
0438454373
0438461577
0438488110
0438502066
0438512557
0438530244
0438538026
0438550467
0438553602
0438568384
0438577099
0438594294
0438621649
0438623671
0438624546
0438632339
0438642036
0438650196
0438656284
0438662030
0438665655
0438667251
0438670360
0438688656
0438691966
0438698963
0438710387
0438737634
0438738482
0438749082
0438749377
0438777493
0438786566
0438787922
0438793744
0438797064
0438805541
0438817172
0438820907
0438823058
0438826706
0438827700
0438832607
0438837944
0438839554
0438840051
0438846754
0438858940
0438860636
0438899509
0438917404
0438921467
0438924566
0438926325
0438933105
0438935814
0438936157
0438943339
0438946603
0438948076
0438969253
0438977387
0438978830
0438979430
0438985467
0438989707
0438990595
0439 092 464
0439 498 017
0439 533 401
0439 616 024
0439000190
0439002535
0439005927
0439018322
0439041555
0439043965
0439045555
0439089387
0439092464
0439093990
0439097225
0439100244
0439103138
0439111278
0439112685
0439135069
0439169165
0439171555
0439187085
0439187800
0439205790
0439218508
0439222032
0439226792
0439231055
0439265207
0439285309
0439306567
0439337815
0439344959
0439354116
0439362623
0439367651
0439369440
0439372999
0439373269
0439408168
0439411250
0439422178
0439424138
0439433888
0439434045
0439434102
0439451623
0439469975
0439471702
0439479087
0439481452
0439483222
0439533401
0439535914
0439541555
0439570361
0439582452
0439609525
0439633882
0439647253
0439654412
0439661953
0439668041
0439680778
0439684439
0439688219
0439696906
0439698562
0439699437
0439703702
0439704979
0439711989
0439723830
0439744777
0439761956
0439762817
0439765814
0439768975
0439773348
0439775383
0439778562
0439781305
0439783078
0439789735
0439790889
0439791127
0439794283
0439794431
0439807837
0439840402
0439841299
0439873889
0439874359
0439876732
0439900278
0439902077
0439904438
0439934016
0439936664
0439940071
0439953119
0439969818
0439976939
0439991386
0439994501
0439995834
0439998907
0440123131
0444487921
0444577904
0444581414
0444595328
0447 420 360
0447 777 679 
0447003878
0447009686
0447011563
0447016753
0447023230
0447031942
0447039801
0447058208
0447064245
0447069911
0447072241
0447072341
0447074005
0447090104
0447102340
0447113213
0447124604
0447140535
0447151563
0447171980
0447174047
0447178490
0447181718
0447186960
0447190019
0447198040
0447199812
0447210092
0447212547
0447212880
0447215955
0447255005
0447257790
0447302066
0447313945
0447322135
0447325327
0447339182
0447361358
0447373345
0447373716
0447383777
0447395481
0447420360
0447429059
0447446324
0447446497
0447450757
0447452911
0447473905
0447499263
0447512993
0447520262
0447532357
0447554892
0447559369
0447571311
0447589797
0447606424
0447632949
0447633335
0447637973
0447652061
0447660366
0447662451
0447673937
0447679284
0447684539
0447694805
0447729196
0447732644
0447739994
0447757743
0447766050
0447771590
0447772101
0447777812
0447777861
0447778064
0447778074
0447786417
0447798814
0447800987
0447833647
0447836402
0447837158
0447839183
0447847734
0447873091
0447878487
0447897666
0447924052
0447954973
0447955999
0447960181
0447966458
0447970808
0447985538
0448 196 995
0448 266 899
0448 422 777
0448 453 365
0448000076
0448002881
0448003645
0448004739
0448006824
0448017595
0448019085
0448025310
0448026934
0448029236
0448030644
0448043322
0448050224
0448071052
0448076081
0448084039
0448100827
0448138004
0448138916
0448141408
0448152522
0448179703
0448182468
0448196995
0448211686
0448217756
0448225068
0448227478
0448266953
0448268994
0448274882
0448283378
0448288286
0448297606
0448301036
0448307907
0448319396
0448339420
0448344807
0448357106
0448358975
0448367464
0448410342
0448416719
0448431705
0448437469
0448439832
0448450432
0448470821
0448473024
0448482214
0448484948
0448502101
0448502309
0448506337
0448566184
0448587804
0448593282
0448598813
0448599330
0448600774
0448602652
0448611109
0448617283
0448620743
0448676221
0448677209
0448745178
0448745773
0448747772
0448748018
0448749281
0448755676
0448761594
0448765318
0448771858
0448773546
0448788098
0448803273
0448806775
0448808677
0448814237
0448828867
0448834743
0448852817
0448862517
0448862527
0448866050
0448867977
0448876462
0448882227
0448886106
0448888374
0448898893
0448908306
0448923936
0448928682
0448933990
0448937446
0448940072
0448942051
0448948010
0448984339
0448985400
0448988340
0448988886
0448991244
0448994689
0448995397
0448999870
0449 758 209
0449012415
0449029033
0449041836
0449048370
0449077359
0449085970
0449094663
0449110501
0449112422
0449116481
0449140108
0449176276
0449176776
0449189286
0449239508
0449255514
0449287406
0449287534
0449541647
0449551661
0449600506
0449601399
0449679427
0449690758
0449712556
0449722587
0449757791
0449766532
0449770368
0449817656
0449879990
0449883409
0449917500
0449945671
0449958115
045 090 6062
0450 845 200
0450002046
0450006071
0450011532
0450017833
0450035700
0450040994
0450047551
0450049363
0450070514
0450082661
0450102242
0450105407
0450105636
0450109942
0450114193
0450114321
0450133697
0450141501
0450155031
0450158787
0450162122
0450180402
0450180665
0450215680
0450234564
0450238895
0450244813
0450245125
0450262029
0450304050
0450311927
0450318135
0450330122
0450363272
0450368474
0450381595
0450389339
0450392227
0450405359
0450413387
0450419196
0450420511
0450431008
0450439893
0450451189
0450455634
0450474776
0450478350
0450504171
0450509580
0450511290
0450511390
0450511470
0450552357
0450628774
0450644814
0450645630
0450657371
0450673087
0450702224
0450702745
0450729917
0450733325
0450743394
0450749779
0450764207
0450768113
0450774814
0450775771
0450779240
0450794966
0450797901
0450878997
0450880699
0450893199
0450893905
0450901393
0450906376
0450907901
0450909733
0450944998
0450981159
0450998348
0451 286 188
0451030268
0451072924
0451073332
0451089314
0451101783
0451114561
0451115758
0451123847
0451134587
0451152132
0451160881
0451162248
0451179512
0451184520
0451325469
0451336806
0451341394
0451353279
0451360086
0451360960
0451385844
0451429434
0451474165
0451475480
0451536601
0451571136
0451577328
0451577880
0451587386
0451588460
0451594949
0451624661
0451626700
0451642794
0451644787
0451714357
0451719049
0451785764
0451787773
0451794096
0451797112
0451819226
0451823276
0451830516
0451880672
0451960631
0451982223
0452016076
0452025653
0452045976
0452115685
0452127926
0452155706
0452160720
0452182654
0452213527
0452223202
0452225003
0452226269
0452234334
0452248324
0452255598
0452271835
0452271905
0452273743
0452287144
0452320744
0452335440
0452348602
0452349962
0452367049
0452388623
0452400612
0452402730
0452412349
0452423946
0452430519
0452443006
0452446368
0452448085
0452448376
0452464671
0452473337
0452476565
0452491409
0452502725
0452527707
0452543077
0452546066
0452559508
0452565980
0452567079
0452584493
0452584494
0452591793
0452593199
0452607292
0452617532
0452630699
0452646223
0452682329
0455049402
0455055244
0455100720
0455106394
0455114408
0455168801
0455171412
0455184725
0455222285
0455223437
0455227264
0455229729
0455235341
0455259288
0455277270
0455325624
0455329373
0455335802
0455336365
0455343443
0455403360
0455433331
0455433968
0455449111
0455450499
0455474477
0455480045
0455494786
0455501390
0455501520
0455502709
0455519446
0455550437
0455566129
0455566607
0455587598
0455598253
0455598842
0455618052
0455630393
0455661632
0455662410
0455664694
0455680620
0455688567
0455722310
0455722320
0455725721
0455742009
0455744336
0455752626
0455791823
0455800030
0455805181
0455864908
0455885936
0455915870
0455938560
0455947208
0455955529
0455982215
0456010980
0456045716
0456058547
0456064383
0456118147
0456149718
0456154896
0456175483
0456178223
0456183407
0456194943
0456216907
0456217012
0456232533
0456242185
0456250427
0456254966
0456256254
0456260998
0456264763
0456376222
0456386740
0456403228
0456458982
0456489720
0456526456
0456528837
0456588888
0456610126
0456618686
0456632751
0456633330
0456640007
0456644091
0456651122
0456656722
0456668148
0456692721
0456696922
0456705113
0456717603
0456722061
0456740295
0456767546
0456775366
0456783079
0456788898
0456792005
0456797077
0456803382
0456814703
0456831263
0456836441
0456841931
0456858441
0456860002
0456861214
0456876543
0456888804
0456907335
0456937381
0456974949
0456995979
0457 762 025
0457005689
0457026395
0457030190
0457050429
0457054170
0457059325
0457062769
0457066664
0457080963
0457085426
0457120348
0457126737
0457126983
0457147405
0457156953
0457169440
0457178005
0457198945
0457201954
0457204173
0457207077
0457210703
0457224103
0457263586
0457277886
0457336840
0457341394
0457345534
0457351157
0457352249
0457358316
0457372311
0457395822
0457408033
0457414461
0457415110
0457439585
0457443988
0457444406
0457445238
0457447205
0457453002
0457454088
0457474029
0457476811
0457494113
0457500445
0457503032
0457530253
0457536797
0457563568
0457576049
0457579057
0457593932
0457627947
0457662605
0457678637
0457727386
0457735003
0457753663
0457771279
0457781449
0457783330
0457823818
0457851135
0457982387
0458 463 136
0458 479 621
0458 564 783
0458 732 326
0458015113
0458038666
0458059666
0458081910
0458110786
0458113346
0458165788
0458181484
045820281
0458228114
0458268539
0458318914
0458345007
0458375439
0458375666
0458383998
0458412900
0458418943
0458428402
0458438338
0458439990
0458440766
0458449359
0458456007
0458456376
0458463030
0458464336
0458475712
0458489424
0458504493
0458527521
0458533542
0458533870
0458558007
0458564087
0458564783
0458567963
0458579782
0458584551
0458608981
0458628232
0458638616
0458643256
0458644497
0458657044
0458660559
0458682253
0458692648
0458693648
0458710167
0458747116
0458748790
0458757368
0458760307
0458772744
0458775913
0458781182
0458801240
0458824095
0458828280
0458829380
0458854929
0458859933
0458878698
0458888367
0458912253
0458932730
0458961623
0458970413
0459 313 352
0459 655 002
0459 714 175
0459022438
0459068048
0459079954
0459106363
0459109095
0459123076
0459124129
0459124139
0459124998
0459159640
0459186499
0459211387
0459215022
0459236886
0459258759
0459298444
0459300303
0459307806
0459339517
0459354308
0459359316
0459363078
0459366373
0459393547
0459472615
0459492265
0459501602
0459528782
0459535589
0459597909
0459598501
0459615403
0459618216
0459636251
0459651457
0459653214
0459681176
0459712783
0459749595
0459752814
0459754340
0459756509
0459762431
0459763824
0459782963
0459787999
0459794409
0459805573
0459848597
0459858717
0459869739
0459900960
0459935294
0459940191
0459952670
0459959712
0459974286
0459980471
0459996736
0460007260
0460030873
0460048754
0460048755
0460292824
0460414362
0460414567
0460430349
0460435764
0460504540
0460559153
0460597966
0460633469
0460641686
0460673475
0460691914
0460696094
0460773044
0460835152
0460888048
0460935461
0460940511
0461252998
0461256035
0461283363
0461292832
0461294741
0461295736
0461299425
0461305458
0461311346
0461315246
0461324025
0461388235
0461427998
0461470335
0461520791
0461542273
0461552846
0461555328
0461583380
0466 895 262
0466047214
0466050636
0466051667
0466054230
0466064309
0466097350
0466099846
0466111657
0466129650
0466132107
0466136727
0466145427
0466186009
0466221140
0466226545
0466236543
0466263003
0466269666
0466269775
0466286043
0466307099
0466308926
0466338603
0466344837
0466348841
0466365863
0466384446
0466399589
0466402038
0466405187
0466406146
0466408454
0466412250
0466413045
0466419392
0466420165
0466426321
0466456922
0466465776
0466476220
0466477836
0466521422
0466536472
0466537472
0466549701
0466568844
0466586707
0466610283
0466621513
0466638084
0466646317
0466646619
0466666644
0466685317
0466726664
0466735909
0466744377
0466771649
0466781632
0466781909
0466785680
0466788280
0466796195
0466802014
0466824185
0466853440
0466875450
0466876929
0466887846
0466890943
0466891745
0466896705
0466905633
0466909398
0466919077
0466936168
0466974539
0466976596
0466995380
0467 902 720
0467022738
0467058196
0467180798
0467185057
0467282358
0467303721
0467325043
0467351338
0467355565
0467355682
0467425287
0467470442
0467500874
0467504532
0467525204
0467577642
0467592330
0467627347
0467637743
0467652637
0467658100
0467700009
0467703322
0467727470
0467741563
0467762682
0467770734
0467780656
0467802705
0467812236
0467816387
0467818572
0467833689
0467855432
0467895773
0467902227
0467902720
0468 472 777
0468301070
0468328703
0468330614
0468359641
0468362970
0468372079
0468490297
0468495376
0468516340
0468522840
0468539522
0468555529
0468562930
0468567100
0468569834
0468580833
0468585413
0468590864
0468593993
0468611661
0468679635
0468725978
0468765333
0468789091
0468818552
0468822556
0468824719
0468831835
0468846461
0468848800
0468866266
0468867670
0468871884
0468911520
0468913003
0468931767
0468944924
0468948358
0468952695
0468956620
0468967972
0468994962
0468999722
0469324931
0469780921
0469819671
0470154056
0470284616
0470558435
0470608078
0471961062
0472 636 243
0472 734 461
0472517171
0472571214
0472594333
0472599232
0472609921
0472628711
0472636243
0472640237
0472646372
0472650809
0472681972
0472695334
0472695890
0472703740
0472705157
0472734461
0472741314
0472772708
0472838158
0472870751
0472988704
0472989177
0473002626
0473014601
0473018860
0473038934
0473055901
0473056746
0473072431
0473075514
0473088910
0473113008
0473146401
0473159924
0473172062
0473177551
0473184716
0473213397
0473337822
0473350592
0473366162
0473414299
0473515730
0473543054
0473550473
0473562918
0473593118
0473616516
0473625350
0473627240
0473636006
0473752926
0473816742
0473817768
0473823988
0473860606
0473863836
0473884840
0473920316
0473940805
0473943972
0474 339 860
0474 968 967
0474023035
0474024959
0474046243
0474057222
0474081319
0474096661
0474111674
0474117218
0474136142
0474150281
0474152129
0474160704
0474167607
0474171008
0474200633
0474225749
0474267698
0474286219
0474317522
0474340712
0474341511
0474349473
0474352250
0474423541
0474430557
0474448960
0474450191
0474472441
0474504474
0474519165
0474529360
0474534350
0474535400
0474554704
0474569931
0474572176
0474646995
0474653280
0474718823
0474732134
0474751752
0474756752
0474808188
0474818191
0474818805
0474821905
0474844155
0474848841
0474851282
0474859590
0474878048
0474973857
0475 235 329
0475000528
0475043801
0475099427
0475111595
0475113085
0475131343
0475142963
0475175180
0475189049
0475235329
0475246287
0475297380
0475298524
0475300221
0475333358
0475356127
0475384781
0475388802
0475406628
0475412298
0475426598
0475447470
0475460568
0475460921
0475467914
0475470447
0475519419
0475555501
0475564958
0475580428
0475582990
0475589013
0475622130
0475688255
0475711166
0475733662
0475736378
0475750135
0475763933
0475771895
0475787452
0475825966
0475854126
0475875885
0475899975
0475908973
0475935348
0476 373 049
0476000184
0476047055
0476053743
0476056913
0476104197
0476112937
0476134724
0476142547
0476142736
0476159035
0476161269
0476187560
0476188028
0476188341
0476193462
0476195985
0476199195
0476206069
0476256479
0476263597
0476269161
0476281616
0476296190
0476307975
0476309362
0476368544
0476394017
0476434080
0476501721
0476520715
0476547920
0476549589
0476589546
0476607272
0476614490
0476621112
0476761646
0476787102
0476866846
0476872006
0477 526 747
0477 609 057
0477 773 246
0477002050
0477002612
0477003489
0477003489    
0477005124
0477005569
0477006158
0477007296
0477013377
0477051240
0477089560
0477090013
0477094447
0477096232
0477100927
0477102284
0477111970
0477120249
0477143299
0477148375
0477164434
0477170011
0477185591
0477193566
0477200723
0477223440
0477223867
0477228077
0477255066
0477270439
0477299199
0477314661
0477336706
0477424723
0477434890
0477440257
0477448156
0477510568
0477535182
0477544826
0477555927
0477623117
0477623495
0477663888
0477671387
0477688946
0477696564
0477701747
0477724834
0477759281
0477773246
0477773271
0477788023
0477798963
0477799101
0477816710
0477842366
0477847227
0477860170
0477864217
0477875127
0477881064
0477883489
0477892208
0477895995
0477913251
0477930090
0477972136
0477983159
0477991038
0477998001
0477999241
0478 007 215
0478 094 510
0478002359
0478003403
0478004426
0478009615
0478024880
0478037453
0478040807
0478042866
0478043779
0478055350
0478059724
0478060755
0478063662
0478068984
0478078121
0478080710
0478081039
0478089710
0478103777
0478106265
0478109472
0478117446
0478145861
0478148149
0478153013
0478161032
0478162759
0478192631
0478196243
0478243301
0478257489
0478284170
0478333356
0478404878
0478408367
0478504973
0478538852
0478550131
0478554084
0478634648
0478640495
0478646569
0478659515
0478666292
0478677348
0478683781
0478702243
0478712236
0478725313
0478742234
0478763025
0478774425
0478813177
0478815065
0478834465
0478840711
0478894378
0478894415
0478910387
0478910524
0478933297
0478944221
0478952445
0479073499
0479106300
0479119907
0479143402
0479147072
048 111 3633
0480151203
0480153866
0480160191
0480211807
0480238234
0480269967
0480295451
0480296649
0480319373
0480322254
0480343833
0480377960
0480425681
0480440655
0480442511
0480449813
0480464772
0480469684
0480481526
0480514748
0480517999
0480524962
0480549531
0480561419
0480578638
0480584992
0480614039
0480651499
0480705397
0480724489
0480783941
0481 131 508
0481 601 525
0481130949
0481131508
0481131583
0481168698
0481173042
0481217397
0481239492
0481256888
0481261337
0481263360
0481265189
0481278417
0481293308
0481295043
0481314469
0481333416
0481335108
0481342051
0481387130
0481432136
0481453753
0481453755
0481454510
0481469965
0481546806
0481600791
0481704856
0481718391
0481734913
0481753969
0481777068
0481790408
0481798615
0481854964
0481944996
0481957458
0481986923
0481999485
0482 878 412
0482024717
0482054184
0482378327
0482426444
0482578344
0482647832
0482841682
0482916001
0482955759
0482992022
0482992388
0483119363
0483132033
0483133154
0483152613
0483174014
0483223527
0483324771
0483340150
0483353731
0483359518
0483364248
0483373799
0483782573
0483789459
0483817536
0483848044
0483884089
0484 303 558
0484 645 574
0484058989
0484096984
0484139909
0484140637
0484223271
0484231459
0484280285
0484337966
0484349228
0484368595
0484379919
0484525486
0484538404
0484549775
0484589654
0484614260
0484620807
0484628354
0484639188
0484645574
0484672343
0484700325
0484703989
0484768156
0484832926
0484846237
0484870389
0484884878
0484931159
0484941152
0484952487
0485694569
0486019670
0486021506
0486023428
0486035705
0486041572
0486283231
0487 191 198
0487 918 703
0487007770
0487014401
0487047817
0487048545
0487064710
0487075791
0487082936
0487122950
0487133277
0487136599
0487152515
0487169874
0487181979
0487191198
0487203840
0487216976
0487229987
0487302570
0487307231
0487374592
0487394566
0487399090
0487399523
0487427979
0487434057
0487446935
0487453209
048745773
0487520897
0487538705
0487542136
0487545218
0487585945
0487614555
0487619233
0487641895
0487642488
0487697838
0487704011
0487738051
0487774574
0487794333
0487807551
0487819029
0487839927
0487884329
0487902806
0487910898
0487934776
0487968601
0488 344 383
0488008114
0488026049
0488028561
0488044515
0488048763
0488085164
0488088009
0488093162
0488093959
0488111367
0488116314
0488120844
0488123469
0488127827
0488130555
0488135662
0488142015
0488152945
0488164932
0488182288
0488231295
0488283257
0488293951
0488296691
0488301664
0488327762
0488358364
0488375950
0488383777
0488404834
0488421244
0488437844
0488444958
0488458943
0488497024
0488500059
0488509090
0488528631
0488557019
0488585361
0488585635
0488585972
0488642777
0488668127
0488675068
0488699074
0488721329
0488722452
0488727969
0488741445
0488745992
0488752910
0488759337
0488760614
0488780644
0488781177
0488787492
0488791423
0488798748
0488800899
0488802828
0488834237
0488905546
0488908363
0488924844
0488926039
0488996409
0489020017
0489033188
0489034280
0489146295
0489234902
0489240776
0489287738
0489309229
0489562356
0490025008
0490027771
0490027904
0490032203
0490039944
0490051126
0490051943
0490055054
0490109768
0490116743
0490123979
0490144111
0490204786
0490242599
0490250690
0490251824
0490360383
0490362555
0490404486
0490405693
0490409100
0490418489
0490461231
0490550634
0490671203
0490723232
0490745874
0490789117
0490812403
0490875523
0490885263
0490929300
0490937412
0490943006
0491027402
0491092787
0491097330
0491138518
0491139054
0491237465
0491278251
0491285367
0491289771
0491293651
0491303518
0491306820
0491319106
0491340304
0491344653
0491344747
0491363155
0491476190
0491603995
0491636490
0491668141
0491668334
0491668360
0491689148
0491720975
0491793962
0491806316
0491832829
0491871197
0491888306
0491944638
0491959503
0491959793
0491963853
0491967091
0491967142
0491967143
0492068974
0492147450
0492150078
0492224321
0492233645
0492308610
0492322511
0492445548
0492453919
0492454442
0492590522
0492658294
0492848527
0492896594
0492906265
0492907030
0492910876
0492969017
0492970238
0492989912
0493013723
0493022047
0493035422
0493043683
0493062342
0493063983
0493130791
0493161111
0493165440
0493165519
0493180432
0493181655
0493211030
0493290984
0493298703
0493309139
0493326786
0493331291
0493427474
0493440188
0493448310
0493449103
0493473074
0493501021
0493507640
0493512078
0493527118
0493531810
0493553964
0493573269
0493582532
0493590264
0493590601
0493594662
0493667209
0493736809
0493791107
0493791916
0493798815
0493803582
0493841929
0493863141
0493963504
0493973771
0493988728
0494015445
0494044072
0494048061
0494127392
0494144225
0494148164
0494307422
0494317357
0494328391
0494350338
0494380933
0494401256
0494415545
0494422261
0494539022
0494551902
0495125080
0497 327 072
0497046584
0497060766
0497082055
0497143681
0497146073
0497153602
0497166779
0497178484
0497190050
0497278203
0497282174
0497327072
0497352031
0497431320
0497490160
0497494404
0497502589
0497535445
0497571658
0497572441
0497598977
0497636545
0497653019
0497701511
0497755517
0497780153
0497785239
0497800615
0497800772
0497854407
0497953494
0497994408
0498 638 335
0498001818
0498017168
0498021033
0498041095
0498061616
0498090479
0498117133
0498130223
0498134257
0498188144
0498209593
0498226758
0498242804
0498250676
0498278971
0498282340
0498323639
0498325158
0498373245
0498380685
0498402232
0498444682
0498470248
0498474605
0498483856
0498496423
0498527373
0498528490
0498531429
0498539498
0498555245
0498572441
0498603845
0498638335
0498663543
0498674509
0498681593
0498729488
0498748011
0498751086
0498759082
0498767043
0498812526
0498833892
0498863156
049889934
0498941020
0498941555
0498944321
0498988704
0498999569
0499 353 863
0499 899 005
0499015417
0499031132
0499033767
0499076500
0499088577
0499097791
0499098747
0499100100
0499119808
0499168487
0499190992
0499205692
0499233174
0499256215
0499262500
0499275207
0499282009
0499310740
0499316206
0499328751
0499330796
0499351706
0499353863
0499363269
0499363637
0499429317
0499461662
0499481258
0499507766
0499512026
0499526080
0499535188
0499555990
0499564095
0499565806
0499597911
0499598818
0499630315
0499647318
0499712900
0499757926
0499757929
0499759969
0499762932
0499779111
0499799737
0499829097
0499848419
0499861304
0499887206
0499888074
0499899417
0499902741
0499914274
0499914640
0499916851
0499920901
0499930394
0499930552
0499941427
0499977429
0499986703
0499992674
0499995539
0732852810
0749518211
0892315805
0892745436
0895281471
0KerrySmart
1
1025249569
145
1528578
22933824
23331403
31316440
4 9894 1020
400 206 255
400 978 395
400035838
400068181
400070828
400071881
400083050
400165561
400208525
400223208
400236899
400237278
400240524
400243481
400325112
400385310
400459597
400522113
400549936
400576744
400599684
400619997
400629612
400650953
400727482
400780623
400788445
400792103
400795682
400800960
400838885
400853780
400910972
400987545
400993361
401 910 063
401024562
401079698
401093157
401098797
401159189
401187660
401270193
401303723
401334097
401390108
401413885
401420691
401465787
401483185
401519438
401521192
401569733
401628554
401644235
401657533
401669188
401678301
401722643
401828670
401841079
401863114
401865241
401916152
401918369
401964184
402 219 897
402 240 447
402018963
402052802
402073656
402098331
402191433
402205932
402219803
402253535
402340722
402345280
402366481
402440147
402445280
402494362
402581556
402582477
402595626
402595696
402604659
402669411
402707774
402749338
402757024
402804264
402946408
402999996
403 705 944
403 972 607
403017653
403048724
403048826
403113422
403136547
403167621
403182352
403190096
403192604
403209942
403230609
403290859
403446713
403452030
403502370
403533268
403598091
403666670
403678530
403699984
403705944
403810214
403826147
403990260
404 274 806
404075408
404097684
404191014
404195700
404305207
404322956
404549280
404646679
404700299
404777500
404802069
404832374
404856940
404958465
404986445
405 767 094
405 828 722
405093280
405138458
405166082
405174156
405188152
405190744
405259236
405384002
405402377
405467174
405578976
405595960
405625630
405767094
405777275
405807562
405851034
405937669
406 090 011
406 413 589
406020487
406112166
406181776
406199119
406267495
406319691
406409102
406413589
406573269
406584922
406645806
406784992
406817189
406857266
406909011
406939540
407 116 258
407 847 474
407005692
407036078
407078955
407106631
407116258
407137587
407142346
407154577
407219566
407222057
407272992
407300900
407433823
407473127
407513209
407515913
407523155
407534053
407575291
407580287
407582229
407591954
407613677
407621769
407645408
407673573
407721602
407746078
407771601
407775051
407844733
407850212
407907487
407977726
408 307 299
408 947 877
408016421
408077376
408094938
408125944
408152949
408171511
408179971
408209165
408299449
408345422
408373090
408427120
408446701
408452183
408506588
408622446
408705403
408740292
408751404
408783643
408785909
408786783
408823471
408861357
408862020
408878776
408907326
408936910
408943442
408958530
409 278 167
409 653 323
409 839 388
409000522
409007668
409056705
409078867
409112700
409116591
409133079
409180251
409195444
409220688
409360074
409378786
409399379
409404155
409468930
409543331
409566555
409569661
409577500
409588273
409653323
409666383
409858373
409867787
409885352
409913664
409935555
409959535
410031458
410120943
410216748
410227223
410253741
410303278
410406938
410466250
410504472
410534842
410558550
410717910
410781532
410829118
410859974
410863023
410887802
410908692
410937742
410970126
411 852 837
411015866
411032387
411040130
411107855
411137728
411139183
411147395
411162370
411222944
411255570
411271122
411295703
411332910
411366450
411370711
411391255
411418407
411487454
411609914
411624349
411659729
411661357
411714461
411729325
411764855
411785519
411826953
411829006
411855080
411896169
411899782
411934617
412 297 323
412 478 659
412074694
412119937
412148825
412185337
412203866
412293514
412340198
412348190
412385951
412393956
412401143
412455328
412537380
412680919
412699768
412750764
412758873
412768519
412796551
412813735
412885718
412917822
412938915
412972942
412976021
413 272 450
413030773
413036128
413089705
413202994
413216804
413219622
413272450
413310514
413315702
413341630
413388780
413468448
413470915
413484370
413523319
413604105
413641522
413697876
413825323
413839288
413882896
414 535 029
414081550
414144388
414243443
414261222
414281249
414310259
414335274
414344823
414485083
414535029
414555673
414589193
414599024
414619410
414619612
414702309
414731020
414740691
414759259
414906304
415082618
415206070
415237416
415351706
415383330
415389448
415471413
415539827
415674752
415769233
415781769
415798929
415903890
415982430
415991401
416 355 010
416014072
416090584
416099074
416170394
416187357
416204856
416278874
416321326
416380004
416385971
416403265
416501940
416661619
416663575
416847606
416852800
416884556
416889629
416980872
417 439 880
417 765 839
417 944 013
417059449
417080968
417117303
417168448
417174252
417228145
417293545
417320735
417439880
417461746
417517618
417532853
417628126
417643460
417685413
417711986
417729246
417742106
417750014
417758200
417765839
417775597
417811614
417817572
417862428
417874949
417883799
417899825
417909232
417909795
417926341
417961020
417981186
418 610 828
418 742 772
418 863 155
418121211
418147470
418204292
418300931
418357000
418511450
418534791
418549562
418555081
418562755
418666588
418689618
418770948
418944218
418997583
419 912 423
419116229
419168048
419175822
419250571
419265860
419292363
419534222
419624791
419642212
419683955
419771418
419792046
419793174
419842912
419869623
419916752
420218938
420430815
420445736
420487812
420511066
420560349
420564940
420602121
420799916
420867036
420938012
420949372
420981078
420989602
421009839
421042032
421042869
421113871
421137051
421149242
421185047
421236671
421252503
421257138
421275963
421321627
421326185
421344566
421390776
421418566
421452921
421463241
421486166
421543891
421639113
421644875
421651211
421666908
421740114
421752377
421773381
421791200
421807205
421817403
421825289
421842227
421842503
421869713
421870295
421914476
421927477
421934434
421978206
422 045 581
422 081 825
422 167 360
422 358 795
422 640 430
422 780 388
422015162
422045581
422047032
422047443
422081825
422116056
422124048
422194406
422227712
422431475
422622101
422667860
422671213
422690059
422736791
422737657
422800222
422829716
422866420
422877930
422890366
422897163
422949636
422958355
423 108 866
423 775 231
423 873 575
423148461
423152393
423176956
423184154
423200380
423234234
423332483
423351399
423363324
423368132
423415536
423442455
423454653
423456789
423458847
423478713
423530926
423581848
423659721
423675299
423681369
423688648
423735010
423942599
423945077
423951608
423953667
423957082
424 840 101
424028784
424042869
424155199
424180122
424201662
424240473
424257275
424269527
424331435
424369744
424408888
424420501
424478144
424555833
424588325
424603023
424623152
424642629
424652567
424658327
424722350
424840101
424979858
425058559
425310927
425324377
425700676
425751175
425764852
425772745
425888190
426 953 965
426144654
426260936
426296805
426388827
426704977
426824354
426873934
427035684
427105659
427147113
427231004
427238715
427313103
427514261
427536650
427610526
427624776
427656048
427684494
427700565
427712071
427765017
427808416
427809874
427832168
427917403
427919763
427977704
427997566
428 194 932
428 576 128
428 742 601
428146649
428169321
428230862
428276693
428306233
428348933
428353985
428487279
428497059
428521030
428561183
428588725
428750044
428851688
428880728
428945533
428951928
429074451
429141520
429318681
429340341
429350448
429455760
429476619
429550900
429604465
429656121
429841816
429843358
429870260
429910270
429968823
429986671
429997021
430002896
430049529
430106571
430184065
430360055
430440754
431 462 466
431018220
431035475
431044009
431075010
431080990
431081341
431095960
431104814
431108602
431169337
431198560
431208822
431218465
431253232
431345569
431384634
431444684
431487967
431488785
431532307
431589589
431710407
431730517
431730520
431886523
431962545
432051243
432086667
432092330
432147045
432166366
432170803
432179835
432243990
432247345
432256870
432293875
432336224
432387633
432403070
432450648
432484375
432606828
432607970
432657669
432695462
432697099
432703564
432797077
432835548
432835635
432849529
432859007
432877265
432922149
432989081
433 557 430
433099133
433115970
433133711
433329781
433375941
433397350
433436446
433514161
433557430
433694466
433809548
433840535
433846144
433917472
433930991
434 043 388
434013287
434034450
434042735
434043388
434075502
434104383
434136661
434164091
434212472
434236887
434258674
434268849
434359651
434431577
434511335
434575079
434693466
434703071
434731810
434967204
435 383 184
435 875 630
435001744
435004967
435007150
435039372
435163738
435281040
435303603
435393795
435429956
435500763
435559246
435590667
435678616
435715570
435720913
435803347
435820134
435820803
435831892
435847623
435888710
435925587
435935576
436176666
436416851
437 080 295
437 354 273
437 966 545
437066895
437080295
437081468
437090142
437094754
437132265
437228626
437268357
437295780
437299466
437308355
437354273
437458713
437565206
437586112
437591865
437696127
437773090
437784818
437918182
437954776
437984609
438 037 757
438037757
438113302
438120373
438209064
438222195
438246927
438263828
438507033
438632339
438675142
438753530
438764315
438846754
438904837
438941584
438944807
439 483 222
439 498 017
439 533 401
439100244
439103138
439111278
439171555
439195212
439243099
439297990
439349002
439352824
439367651
439408168
439410639
439469975
439511188
439535730
439632330
439647447
439678758
439684439
439704979
439716115
439761956
439766283
439783078
439841299
439876732
439900278
439902299
439983341
439985232
439985233
447 053 960
447060994
447062241
447124604
447151563
447175810
447212880
447215955
447233574
447256982
447330679
447444190
447567114
447667656
447739994
447771590
447878487
447970444
448 345 181
448 567 775
448071052
448084404
448196995
448254724
448274468
448484948
448506337
448567775
448593282
448596934
448748018
448963858
448974950
449011841
449027098
449116481
449140108
449276693
449531354
449690234
449713516
449743703
449917500
450 509 580
450 511 390
450 845 200
450006071
450028381
450045980
450323607
450369129
450451189
450478350
450552357
450628774
450657371
450794966
450845200
450893199
450901393
451 286 188
451073332
451162248
451228257
451594949
451714357
451785764
451830516
452179542
452225003
452402730
452500187
452614952
455 168 801
455 382 554
455 742 009
455 805 181
455028626
455313741
455336365
455370679
455382554
455529844
455598253
455744336
455791823
455864908
455937709
456022832
456045716
456058547
456079253
456376222
456414062
456696922
456780422
45678616
456788898
456790747
456814703
456836441
456858441
456929077
457 310 608
457004198
457046336
457080963
457236082
457297444
457343553
457396875
457454088
457556665
457681386
457690407
457735003
45776534
457770313
457823818
458 145 872
458038666
458272816
458359185
458418943
458420956
458456376
458553697
458643104
458644497
458660559
458812049
458888367
459159640
459213305
459250386
459298444
459339517
459495776
459597909
459864964
459976984
459977578
460007260
460033406
460048755
460285131
460363734
461 552 846
461299425
461305458
461391640
461407721
466 384 446
466011896
466066325
466097350
466263003
466348841
466384446
466400670
466449838
466781909
466858440
466875243
466885337
467 468 423
467338583
467627137
467627347
467658100
467676661
467720355
467780656
467818572
468315785
468362970
468403693
468472777
468554323
468560834
468567100
468611224
468725978
468994962
469547147
469798529
471961062
472650809
472699158
472741314
472907299
473 493 196
473015808
473055901
473159924
473161909
473213397
473258118
473414299
473444646
473515730
473593118
473616516
473641790
474 759 741
474023035
474117218
474136838
474217032
474265283
474340712
474352250
474653280
474844155
475074741
475099400
475134922
475137947
475264790
475288193
475521294
475673771
475736378
475767623
475846090
475850374
475915945
476 501 721
476000184
476050633
476197277
476258871
476285079
476506187
476547920
476589546
476815628
477 311 653
477 775 232
477002050
477055162
477094447
477137334
477380423
477646744
477669355
477700471
477860170
477884077
478 007 215
478 550 131
478004426
478074055
478080710
478117055
478186313
478247455
478634648
478701120
47873091
478734336
478756413
478824353
478846534
479073351
480241476
480449813
480643512
481 131 508
481 989 955
481112524
481201153
481207048
481261337
481453755
481454510
481718391
481734913
481907032
481981855
481991380
482567286
482992022
483293747
483317872
483324771
483353731
483831303
483848044
483884089
484254557
484257103
484325508
484347596
484381436
484525486
484609064
484700325
484832605
484832926
486019670
487 191 198
487 461924
487126022
487211175
487214784
487223982
487229987
487307231
487352616
487434057
487461924
487642488
487728684
487835187
487911864
488 068 278
488 542 298
488 759 337
488008114
488030710
488164932
488165481
488293951
488344383
488401640
488421244
488427400
488429316
488437844
488578229
488685476
488721329
488722452
488729845
488752910
488781177
488784414
488787492
488798748
488980389
489309229
490 745 874
490 929 300
490039679
490204786
490242599
490251824
490504782
490533365
490723232
490745874
490937412
491045544
491092787
491138518
491139054
491603995
491668360
491689148
491709669
491728806
491888306
493 736 809
493022047
493165440
493448310
493493921
493537018
493590264
493791107
494144225
494144441
497 193 646
497 572 441
497036078
497146073
497299926
497352031
497391552
497598977
497661337
498090479
498188144
498242804
498286974
498444682
498470248
498531429
498623701
498729488
499 328 751
499 872 260
499015417
499031132
49908550
499098747
499256215
499275207
499316206
499429317
499444638
499519903
499523637
499551502
499921288
61 (43) 2729 668
61-0421252503
61-0458385488
61-0483844957
61400619991
61408612125
61414318296
61435860052
61487654198
749424297
749518211
892315805
: 0407612626
Andrew Hallam
Bradley Gnaden
DavidWarwick
Jake Patfield
JanetWickes
Jillian Grundy
KieranVenz
ShaeWoolley
